"","state","S1","S2","S3","S4","returns","State_Name"
"1",3,0,0,1,0,0,"Level2"
"2",3,0.0278132325378084,0.000182180866773331,0.972002379303656,2.20729176197296e-06,0.00564654238821038,"Level2"
"3",3,0.0241398925539622,0.000137890315452837,0.975598281403168,0.000123935727417399,-0.00225484882049942,"Level2"
"4",1,0.132852488403941,0.00153049256468895,0.864611068135771,0.00100595089559931,-0.0096399958117086,"Level1"
"5",1,0.11767082850201,0.00037163529466486,0.881097678794172,0.000859857409153402,0.00624830224399764,"Level1"
"6",1,0.315142532173948,0.00091463694727178,0.680634351621169,0.00330847925761115,-0.00910131424634519,"Level1"
"7",1,0.480992562357772,0.000479612194778946,0.514225796370077,0.00430202907737224,-0.00745624310593307,"Level1"
"8",1,0.36213251259511,7.93730147989822e-05,0.635492353143838,0.00229576124625278,-0.00115213143066706,"Level1"
"9",1,0.357525484141983,0.000166135204164299,0.639588461620527,0.00271991903332659,0.00689256051211062,"Level1"
"10",1,0.327263256828632,0.000146743537462305,0.670194543650935,0.00239545598296982,0.00627682535205176,"Level1"
"11",1,0.952198895268899,0.00332496315761957,0.0142689220330953,0.0302072195403857,-0.0166335347249333,"Level1"
"12",1,0.945036491871135,0.000710698420079688,0.0378653501723503,0.0163874595364352,0.000578086168165903,"Level1"
"13",1,0.935768003161141,0.000160751343394275,0.0547383448697169,0.00933290062574816,-0.0023147580449816,"Level1"
"14",1,0.937310655442872,4.69037558217534e-05,0.0554948138090262,0.0071476269922802,0.00692837664456336,"Level1"
"15",1,0.924778814491234,2.13606527151908e-05,0.0686337974646532,0.00656602739139777,0.00573730792754423,"Level1"
"16",1,0.949009470409491,2.87464740907299e-05,0.042379068064213,0.00858271505220558,0.00911162366191176,"Level1"
"17",1,0.928623650485367,2.27178610605777e-05,0.0652558824967062,0.00609774915686577,0.00396040144016574,"Level1"
"18",1,0.977167832487797,4.06729323982486e-05,0.0103323736584302,0.0124591209213747,-0.0107863098212215,"Level1"
"19",1,0.967189434269812,3.89557871751523e-05,0.0248430150101153,0.00792859493289755,0.00625885418003458,"Level1"
"20",1,0.953353625692589,2.05946839769031e-05,0.0404752122251862,0.00615056739824817,0.00339762501252494,"Level1"
"21",1,0.981581767752683,4.43410814432151e-05,0.00489070672873679,0.0134831844371369,-0.0113702756702945,"Level1"
"22",1,0.960488916407332,3.68934541061071e-05,0.0316814438313504,0.00779274630721183,0.00456361316849563,"Level1"
"23",1,0.947942130892223,2.01957251561977e-05,0.0458444153388479,0.00619325804377298,-0.00227914622079917,"Level1"
"24",1,0.936157381181076,1.84567660044459e-05,0.0571947191012017,0.00662944295171797,0.00568818371007307,"Level1"
"25",1,0.979618604362271,6.75974701178043e-05,0.00308888604550278,0.0172249121221082,-0.0131317334677967,"Level1"
"26",1,0.95400261589863,4.33158171657972e-05,0.0365654973280206,0.00938857095618354,0.00286949973454176,"Level1"
"27",1,0.932978029633813,2.29640068147003e-05,0.0611440682861366,0.00585493807323607,-0.000573230134743419,"Level1"
"28",1,0.893869466262495,1.448177168031e-05,0.100427255865166,0.00568879610065903,0.00286281321022885,"Level1"
"29",1,0.839071953406358,1.97041536171082e-05,0.155490901472909,0.00541744096711587,0.00342460390130572,"Level1"
"30",1,0.755722969937455,2.77483765039912e-05,0.239506945168639,0.00474233651740162,-0.000569848975238152,"Level1"
"31",1,0.794581765101981,6.58139246511423e-05,0.199159641393086,0.00619277958028171,-0.00571756813629642,"Level1"
"32",1,0.728155914009058,3.79961314691768e-05,0.267046097570654,0.00475999228881814,-0.00229626959979834,"Level1"
"33",1,0.664820407276635,5.21237113620294e-05,0.330689311101427,0.00443815791057622,-0.00287769982761477,"Level1"
"34",1,0.957538309532035,0.00117102563126082,0.00142100215264981,0.0398696626840545,-0.0180289263062545,"Level1"
"35",1,0.954582735026677,0.000322251262667772,0.0186216416690123,0.0264733720416426,-0.00529568726310625,"Level1"
"36",1,0.96600650079633,0.000125329973765151,0.0120042812958412,0.0218638879340638,0.0093952535259465,"Level1"
"37",1,0.949896800267982,5.34702478813889e-05,0.0382899097132795,0.011759819770857,0.00116810760945674,"Level1"
"38",1,0.929490692565782,2.97612277253956e-05,0.0640323867291007,0.00644715947739228,0.00291466259719853,"Level1"
"39",1,0.92252366588323,1.85328869900195e-05,0.0709504345300421,0.00650736669973745,-0.00408277020665526,"Level1"
"40",1,0.878886560982534,1.60358671602579e-05,0.115496900354156,0.00560050279615037,0.00291794771036225,"Level1"
"41",1,0.854725290858931,2.71073703594981e-05,0.139154926904472,0.00609267486623845,0.00581059159546538,"Level1"
"42",1,0.77333672727678,2.53254299737936e-05,0.221768929446385,0.00486901784686151,0.0023147580449816,"Level1"
"43",1,0.66179936139087,3.73518340773314e-05,0.334037027335737,0.00412625943931529,0,"Level1"
"44",1,0.955793435848402,0.000491681164545644,0.0246343343111447,0.0190805486759072,0.0154864584987426,"Level1"
"45",1,0.956771168397594,0.000128886023806304,0.0312147388771545,0.0118852067014453,0.00567538413259916,"Level1"
"46",1,0.963497820107447,3.74353699228471e-05,0.0285892764203369,0.00787546810229318,-0.00510639407457436,"Level1"
"47",1,0.947432923683918,2.04157363040728e-05,0.0464326455349957,0.00611401504478224,0.00340710163227032,"Level1"
"48",1,0.976027900443217,9.75195027124944e-05,0.00160529691698846,0.0222692831370822,0.0163062937277405,"Level1"
"49",1,0.953634545822828,5.86688536577733e-05,0.033771101271595,0.0125356840519194,0.00389647027912288,"Level1"
"50",1,0.956742319956121,3.7389619611758e-05,0.0352609816825318,0.0079593087417353,-0.00445435034938013,"Level1"
"51",1,0.932633649880782,1.92367513570073e-05,0.0615491997076614,0.00579791366020002,0.000557880070257255,"Level1"
"52",1,0.940054949251484,2.13442083119088e-05,0.0523098812034363,0.00761382533676752,0.00777781698709568,"Level1"
"53",1,0.968328401784387,4.02038278955024e-05,0.0216486133613872,0.00998278102633033,0.0104597705626852,"Level1"
"54",1,0.964987135100616,2.95192027134976e-05,0.028229482446825,0.00675386324984594,0.0054615644917515,"Level1"
"55",1,0.956534173167444,1.98219779948142e-05,0.0367613627864856,0.0066846420680754,0.00543173524494955,"Level1"
"56",1,0.974017417132202,3.38023165711666e-05,0.0161325923205428,0.00981618823068444,0.010239971186301,"Level1"
"57",1,0.963573169240727,2.59596465351685e-05,0.030015597933774,0.00638527317896366,-0.00268456537066886,"Level1"
"58",1,0.974959994401201,2.94901119531969e-05,0.0157583534132126,0.00925216207363338,0.009630946309096,"Level1"
"59",1,0.981610550953017,9.2786973367375e-05,0.00199772387118515,0.0162989382024302,0.0142745220510183,"Level1"
"60",1,0.971937549412483,5.35982920033516e-05,0.016892051868386,0.0111168004271282,-0.00579090852302899,"Level1"
"61",1,0.963385507072836,2.93999175126641e-05,0.0301742398904169,0.00641085311923413,-0.00264351198088697,"Level1"
"62",1,0.944225568005869,1.64063266993728e-05,0.049703624820289,0.0060544008471422,0.00317135572352845,"Level1"
"63",1,0.972675638047847,0.000121418011834222,0.00102144979243419,0.026181494147885,0.0172643567507356,"Level1"
"64",1,0.883393290091366,0.00107998380940066,2.32270963855332e-05,0.115503499002847,-0.0193774583792519,"Level1"
"65",1,0.900852045225353,0.000358508879796636,0.0250043931831845,0.0737850527116665,0.00580017444687808,"Level1"
"66",1,0.917263897763207,0.000192377248968747,0.0402519557271682,0.0422917692606563,-0.00157853229304994,"Level1"
"67",1,0.941701854998378,0.000312419958899147,0.00780604011786534,0.050179684924858,0.0125590347764941,"Level1"
"68",1,0.935226901605093,0.000125789044019858,0.0371584135810277,0.0274888957698595,0.0020779228255865,"Level1"
"69",1,0.962399027648097,0.000133831387194541,0.0120043048936721,0.0254628360710359,-0.00886114737369059,"Level1"
"70",1,0.936351979288498,0.000530154836183641,0.000336903339909754,0.0627809625354082,0.0176445154200362,"Level1"
"71",1,0.93165560595044,0.000159785263507247,0.0330512252225295,0.0351333835635237,-0.00154445329170194,"Level1"
"72",1,0.92765261620147,0.000547401071579801,0.00107818186864751,0.070721800858303,0.0163519228536053,"Level1"
"73",1,0.929242262408339,0.000188103900007786,0.0295108487573292,0.0410587849343243,-0.00253742841041671,"Level1"
"74",1,0.95247791289951,0.000181503119823663,0.0120090116340901,0.035331572346576,-0.00816331063916076,"Level1"
"75",1,0.943577909046048,8.69506833756096e-05,0.0371460678812005,0.0191890723893758,0,"Level1"
"76",1,0.940780506874436,5.74352080613182e-05,0.0472918705626942,0.0118701873548086,0.00561937636098708,"Level1"
"77",1,0.973723056491067,0.000173988931992855,0.00100281101545004,0.0251001435614899,-0.0148834673207854,"Level1"
"78",1,0.970025265923277,0.000137023799137135,0.00470290965170013,0.0251348006258861,-0.00987277439849343,"Level1"
"79",1,0.955866404357908,7.21867888777715e-05,0.0290075898331905,0.0150538190200242,0.00520834510713852,"Level1"
"80",1,0.946912313086746,4.0733342010056e-05,0.0443793228089453,0.00866763076229872,0.00414723248644622,"Level1"
"81",1,0.950100004731576,2.99860965807756e-05,0.042481687506451,0.00738832166539211,0.00721647480279941,"Level1"
"82",1,0.973615164424432,4.03846878683596e-05,0.0160179847541722,0.0103264661335278,0.0107281236010683,"Level1"
"83",1,0.958747963918092,2.69756767365859e-05,0.0350120294043361,0.00621303100083552,0.00355059972302341,"Level1"
"84",1,0.932901946655861,1.50996788027257e-05,0.0612670172136634,0.00581593645167244,0.00151788540355113,"Level1"
"85",1,0.892091378735174,1.42033449483652e-05,0.10225667523098,0.00563774268889777,0.00252456578102267,"Level1"
"86",1,0.857442752551219,2.24227674324395e-05,0.136657271087554,0.00587755359379451,0.0050301916929989,"Level1"
"87",1,0.972468326556467,0.000156177761470247,0.00812039973331898,0.0192550959487436,0.0154347101945613,"Level1"
"88",1,0.969717869172968,7.48423728601875e-05,0.0158875112251378,0.0143197772290339,0.00836413240248879,"Level1"
"89",1,0.976386030151803,5.34531276510901e-05,0.0127633074678809,0.0107972092526654,-0.00688301635784505,"Level1"
"90",1,0.959600427683339,2.70927133963691e-05,0.0342439921126431,0.00612848749062116,-0.00148111604464374,"Level1"
"91",1,0.94044389745197,1.5335450257124e-05,0.0535342961647239,0.00600647093304896,-0.00148336248419145,"Level1"
"92",1,0.943238298786486,2.11442367437372e-05,0.0493129098876824,0.00742764708908819,0.00739475886316088,"Level1"
"93",1,0.918141289453181,1.9519308112963e-05,0.075818273817543,0.00602091742116274,0.00392157346094724,"Level1"
"94",1,0.888760908951204,1.54150743528236e-05,0.105383678939542,0.00583999703490088,-0.00244927871646761,"Level1"
"95",4,0.967290182793931,0.000204792921730151,0.000749513941176222,0.0317555103431623,-0.0168154316654485,"Level3"
"96",4,0.947443971710523,8.22751190107315e-05,0.0347843912082583,0.0176893619622083,0.00348529105606099,"Level3"
"97",4,0.973962806956036,0.000101461013709526,0.00740790308813288,0.0185278289421213,-0.00999014277687404,"Level3"
"98",4,0.963164018259031,0.000247063654082612,0.000498063265225395,0.0360908548216609,-0.0146652948105186,"Level3"
"99",4,0.938164990925138,0.000397113044054581,0.000751159718565015,0.0606867363122427,-0.0138498238446112,"Level3"
"100",4,0.79437327379427,0.00203945659927045,6.98408259468215e-05,0.203517428780513,0.0199443578458083,"Level3"
"101",4,0.84019535065878,0.000668735497796826,0.0223478777286874,0.136788036114735,0.00605761554371975,"Level3"
"102",4,0.879132396432298,0.000357434015275681,0.0420568418843343,0.0784533276680925,0.00150862483959635,"Level3"
"103",4,0.796562111454983,0.00156447259600942,0.000263964575954579,0.201609451373053,-0.016721950322462,"Level3"
"104",4,0.767189576564282,0.00143109496559129,0.00307200904856297,0.228307319421563,0.0126937474938571,"Level3"
"105",4,0.79991287488241,0.00100655459761602,0.0109770339521123,0.188103536567861,0.00904074465214899,"Level3"
"106",4,0.853911795394278,0.000531352923583115,0.0313287005673639,0.114228151114775,0.00349388925425576,"Level3"
"107",4,0.817559876053814,0.0011590479582463,0.00125736007831554,0.180023715909624,-0.013544275612809,"Level3"
"108",4,0.860614306609412,0.000483932771878514,0.0336007615185343,0.105300999100176,0.00252211993776186,"Level3"
"109",4,0.885377954482568,0.000571258086629738,0.00825349868410822,0.105797288746694,-0.00961789241417899,"Level3"
"110",4,0.908004279892013,0.000288210783443572,0.0288029571043264,0.062904552220217,-0.00254642351637635,"Level3"
"111",4,0.910645935639552,0.000524335741947235,0.00221235573837522,0.0866173728801255,-0.0123141621575149,"Level3"
"112",4,0.0111344926528828,0.0546895017120527,1.18257802278043e-14,0.934176005635053,-0.0362720962444327,"Level3"
"113",4,0.00642413093180319,0.0420146266467119,1.53395151471289e-07,0.951561089026333,-0.0183689659723778,"Level3"
"114",4,0.000509700428794516,0.0894613270442404,4.35732469475261e-12,0.910028972522608,0.0295481617470355,"Level3"
"115",4,0.0327025128006407,0.0414187797604767,1.11279460608233e-05,0.925867579492822,0.00843442050391596,"Level3"
"116",4,0.0126665989003008,0.028336159866244,2.3832059899202e-06,0.958994858027465,-0.016406772268994,"Level3"
"117",4,0.00664133127565261,0.0215649438814141,1.82949416184222e-07,0.971793541893517,-0.0183096121953361,"Level3"
"118",1,0.0421559358653663,0.00844698790077462,0.000311510777091528,0.949085565456768,-0.00326619778662129,"Level1"
"119",1,0.0372179578622504,0.00592795697543557,0.000163319236908049,0.956690765925406,0.0124629085362957,"Level1"
"120",1,0.065445411158423,0.00420521471881025,0.00250805426276015,0.927841319860007,-0.000538701885871795,"Level1"
"121",1,0.111231772516389,0.0039835907826473,0.00703825840269633,0.877746378298268,-0.00107805940360217,"Level1"
"122",1,0.168985287505495,0.00378717359065788,0.0125890681817329,0.814638470722114,-0.00378287400584476,"Level1"
"123",1,0.171158650307166,0.0048113886817001,0.00384991600718223,0.820180045003952,0.0113056927314008,"Level1"
"124",1,0.199340882002177,0.00433630027091457,0.00235473841175971,0.793968079315148,0.0095898974268831,"Level1"
"125",1,0.204632150059349,0.00458240447840964,0.00149855448404019,0.789286890978201,0.0110730893847482,"Level1"
"126",1,0.307508839082654,0.00316269258171181,0.0111223287193493,0.678206139616285,0.00366391416587497,"Level1"
"127",1,0.342837732816985,0.00335988434562023,0.00456306512003043,0.649239317717365,-0.00839454059642097,"Level1"
"128",1,0.209970533411549,0.00600841257670637,0.000166546654170662,0.783854507357574,0.0162010855761863,"Level1"
"129",1,0.238368984581907,0.00415652054071939,0.00262971962338308,0.754844775253991,0.0098014194564211,"Level1"
"130",1,0.327176501941362,0.00312090011309277,0.00735365460600988,0.662348943339535,-0.00463088053280591,"Level1"
"131",1,0.455096698194045,0.00244989335962227,0.0166268498898508,0.525826558556482,0.00360360768881307,"Level1"
"132",1,0.584543191934365,0.00172753034651529,0.0338785936972633,0.379850684021856,-0.00154276198104775,"Level1"
"133",1,0.071862371697109,0.0139180980734666,5.03436827924328e-08,0.914219479885742,-0.0250142790904659,"Level1"
"134",1,0.0905263273869877,0.00599501412998794,0.00101458154499594,0.902464076938028,-0.00741539414915593,"Level1"
"135",1,0.121284905439716,0.00449533814871036,0.00220114630186866,0.872018610109705,0.00794285393453187,"Level1"
"136",1,0.0745623370457362,0.00600254328946622,6.10196990309446e-05,0.919374099965767,-0.0138078667477832,"Level1"
"137",1,0.116199456594346,0.00421244396501724,0.0034640242710014,0.876124075169635,0.00533323930793728,"Level1"
"138",1,0.106980125847041,0.00541457143113796,0.000703621721760484,0.886901681000061,0.0121599172122515,"Level1"
"139",1,0.172673728188796,0.00373296815040678,0.00577943772100805,0.817813865939789,-0.00210420903246966,"Level1"
"140",1,0.271382560121266,0.00324627678961748,0.0161218821318129,0.709249280957303,0.00210420903246966,"Level1"
"141",1,0.377784842413092,0.0027869023922092,0.0324850357523895,0.58694321944231,0.00471822606784489,"Level1"
"142",1,0.496419149754614,0.00197439936349964,0.0675393527537236,0.434067098128163,-0.00157032218685282,"Level1"
"143",1,0.581695950485574,0.00154163761618913,0.0990733003970847,0.317689111501152,0.00574569337941178,"Level1"
"144",1,0.622987598462091,0.000858872780167051,0.188467863826341,0.187685664931402,0.00208111412049261,"Level1"
"145",1,0.705512057920634,0.000930304642170787,0.121424495466337,0.172133141970859,0.00931201762561829,"Level1"
"146",1,0.696355881964565,0.000434505010391541,0.208713307481436,0.094496305543608,0.00257130515986015,"Level1"
"147",1,0.654149183036489,0.000231060307216575,0.294981205860053,0.0506385507962418,-0.00205650463369045,"Level1"
"148",1,0.550478663793101,0.000106481879851595,0.425919826360079,0.0234950279669694,-0.000514800526169701,"Level1"
"149",1,0.554701553451582,0.00010253520818665,0.430047998029059,0.0151479133111724,-0.00464516964293926,"Level1"
"150",1,0.415149033144488,6.37198237431462e-05,0.578570866442714,0.00621638058905492,0.00155084028108288,"Level1"
"151",1,0.69578743894746,0.0004475329425966,0.293416002487863,0.0103490256220811,0.0112995036010419,"Level1"
"152",1,0.696639712527894,0.000117030371188583,0.296628259885604,0.00661499721531353,-0.00460712358289506,"Level1"
"153",1,0.954626274884459,0.00027154096863913,0.0300348213563239,0.0150673627905778,-0.012390452785676,"Level1"
"154",1,0.940224668859244,5.9452047193972e-05,0.0514583185615347,0.00825756053202747,0.00259398336357375,"Level1"
"155",1,0.922704859990267,2.15722970998101e-05,0.0711793893917688,0.00609417832086396,-0.00259398336357375,"Level1"
"156",1,0.874634919800305,1.45804030237834e-05,0.119863919683411,0.00548658011326089,0.00207581802417467,"Level1"
"157",1,0.942254198965652,4.50736155247864e-05,0.0485585285810921,0.00914219883773153,-0.00832914757972292,"Level1"
"158",1,0.971132849039173,0.000200249789522772,0.000817848139328895,0.0278490530319752,0.0176170368447939,"Level1"
"159",1,0.960423771705471,9.44841604058815e-05,0.0207162508315407,0.0187654933025824,0.00716492317960515,"Level1"
"160",1,0.95149437956042,4.64413163247947e-05,0.038267100263061,0.0101920788601938,0.00152856080717756,"Level1"
"161",1,0.951553699873739,3.31591251326505e-05,0.0413103763204949,0.00710276468063318,0.0065973851727037,"Level1"
"162",1,0.979060905704206,5.26518429211685e-05,0.00800642268296155,0.0128800197699117,0.0125661367045491,"Level1"
"163",1,0.957398358064183,3.17593024998221e-05,0.0355701371124192,0.00699974552089789,-0.000999500333083603,"Level1"
"164",1,0.931826918307657,1.69201092433279e-05,0.0623628996673441,0.00579326191575566,0.000999500333083603,"Level1"
"165",1,0.976457889109496,8.48250078868769e-05,0.00276747036288923,0.0206898155197278,0.0158576167333395,"Level1"
"166",1,0.950941762708974,5.0731792806811e-05,0.0379102090632715,0.0110972964349479,0.00196458810645028,"Level1"
"167",1,0.959999476614969,4.11030045728804e-05,0.0319552083871777,0.00800421199328083,0.00782027445903832,"Level1"
"168",1,0.938399637050516,1.9691699468169e-05,0.0557043747930798,0.00587629645693564,0.00194547722000094,"Level1"
"169",1,0.898414043434573,1.40393232818654e-05,0.0959736493599831,0.0055982678821616,0.00145671301659878,"Level1"
"170",1,0.967560060101042,5.86867367447074e-05,0.0197006032282942,0.0126806499339189,0.0125363255822744,"Level1"
"171",1,0.961561313945491,3.57083749498074e-05,0.0308914786800099,0.00751149899954964,0.00478002822187884,"Level1"
"172",1,0.949604526055352,2.0989821565982e-05,0.0439436434160168,0.00643084070706474,0.004757430589442,"Level1"
"173",1,0.960932485094648,2.24512216350059e-05,0.0312959294656923,0.0077491342180244,-0.00618897461821621,"Level1"
"174",1,0.962141481093402,2.65468307015778e-05,0.0303905758175462,0.00744139625834995,0.00713774129280198,"Level1"
"175",1,0.978144745593438,3.2337847565036e-05,0.0125463732568125,0.00927654330218407,-0.00809335529396105,"Level1"
"176",1,0.973151732603257,3.31478039633608e-05,0.0190260913648618,0.00778902822791777,0.00761908447643922,"Level1"
"177",1,0.959395914571451,2.05957586074626e-05,0.0343199558928119,0.00626353377712973,0.00378788331693736,"Level1"
"178",1,0.938094949458301,1.54251071556412e-05,0.0559664578904488,0.00592316754409502,-0.000945673851698192,"Level1"
"179",1,0.899881564105586,1.41149634368948e-05,0.0944936403912545,0.00561068053972242,0,"Level1"
"180",1,0.930209145015708,3.23446489046484e-05,0.0614677372969941,0.00829077303839352,0.00894759934485867,"Level1"
"181",1,0.956536806184138,3.22180272185556e-05,0.0351655664131307,0.00826540937551288,-0.00705719230999868,"Level1"
"182",1,0.933738633494605,2.00435754096839e-05,0.0604195466106289,0.00582177631935627,0,"Level1"
"183",1,0.891389719020959,1.3970794878859e-05,0.103018452487497,0.00557785769666479,0.00188674588722204,"Level1"
"184",1,0.882813439671955,2.62462055647806e-05,0.110579492005537,0.00658082211694271,0.00657597484798966,"Level1"
"185",1,0.822730159286017,2.14033713059721e-05,0.171959041879196,0.00528939546348059,0.00327174857701351,"Level1"
"186",1,0.737877930932018,3.07657183057963e-05,0.257433337473133,0.00465796587654287,-0.000933706883894381,"Level1"
"187",1,0.622433059171802,4.29599471733967e-05,0.373623610572408,0.00390037030861686,-0.000467180573785697,"Level1"
"188",1,0.947650974438715,0.000403041740267279,0.0363165731245994,0.0156294106964178,-0.012697137725918,"Level1"
"189",1,0.927987661481848,8.4999334488105e-05,0.06355909975789,0.00836823942577348,0.000473148836512838,"Level1"
"190",1,0.962725390154949,4.38186268884862e-05,0.0274150587151193,0.0098157325030431,0.0103531277700717,"Level1"
"191",1,0.965635443005642,2.97965516733437e-05,0.027288788096474,0.00704597234621049,-0.00469268799467049,"Level1"
"192",1,0.958926682864629,1.93056085000713e-05,0.0345398638970038,0.00651414762986667,-0.00329795344152339,"Level1"
"193",1,0.937700342899917,1.67167540068865e-05,0.0562501050764705,0.00603283526960531,0.00329795344152339,"Level1"
"194",1,0.910378701065962,1.5149403353297e-05,0.0837300525993371,0.00587609693134724,-0.00188328685331918,"Level1"
"195",1,0.917812426438846,2.10763998880565e-05,0.0752584490574687,0.00690804810379685,-0.0051971768293404,"Level1"
"196",1,0.874975108736077,1.72915831587014e-05,0.119376395933687,0.00563120374707781,0.00331043094211836,"Level1"
"197",1,0.943621588952063,5.50035043756971e-05,0.0462364727666603,0.0100869347769014,0.0108007624283308,"Level1"
"198",1,0.927465900999878,2.78846353684699e-05,0.0662512739800432,0.00625494038471036,0.00465984067804737,"Level1"
"199",1,0.920688834272926,2.00044296001786e-05,0.0724656003876926,0.00682556090978099,0.00648751116886004,"Level1"
"200",1,0.878585727622285,1.70450875801224e-05,0.115755340462069,0.00564188682806578,0.00322799457671907,"Level1"
"201",1,0.814894658267726,2.22503750630272e-05,0.179851619331291,0.00523147202591996,0.00321774582392065,"Level1"
"202",1,0.716619466251403,3.17949149077861e-05,0.278838522983525,0.00451021585016429,0.0022919560275656,"Level1"
"203",1,0.660215935087541,6.04693389943934e-05,0.335098617686867,0.00462497788659752,0.00547942022728387,"Level1"
"204",1,0.764704133829257,0.000113642623905182,0.228685118876672,0.00649710467016581,-0.0068540367409784,"Level1"
"205",1,0.744949958583953,5.64241797604879e-05,0.249500827523049,0.0054927897132375,0.00639865071625634,"Level1"
"206",1,0.622875993690076,4.14927258079297e-05,0.373187895670049,0.00389461791406742,0.00182061948740397,"Level1"
"207",1,0.578312661287117,7.72946227639184e-05,0.417618831501348,0.00399121258877171,-0.00364465095929489,"Level1"
"208",1,0.925004518830542,0.000410127544460815,0.0608775125227272,0.01370784110227,-0.0119376991588762,"Level1"
"209",1,0.969430065080569,0.000543337050400236,0.00246402099984601,0.027562576869185,0.0160369989098172,"Level1"
"210",1,0.965204138270658,0.000307111638556655,0.00300917850984995,0.0314795715809349,-0.0109690313705739,"Level1"
"211",1,0.955379421754056,8.79446726075331e-05,0.0255889165026856,0.0189437170706513,-0.00368324541629672,"Level1"
"212",1,0.969605779029747,0.000188557370041964,0.0024470271216751,0.0277586364785363,0.0141976279952245,"Level1"
"213",1,0.951644826991403,7.0314765138443e-05,0.0328495429186281,0.0154353153248305,-0.00182061948740397,"Level1"
"214",1,0.975144502269001,0.000126099511147228,0.00505299768246529,0.0196764005373866,0.0131252843031158,"Level1"
"215",1,0.95194608386494,4.77173385750972e-05,0.0374754999152533,0.010530698881232,0,"Level1"
"216",1,0.953237126165882,3.4692926166104e-05,0.0395563834980334,0.00717179740991804,0.00672191656548504,"Level1"
"217",1,0.954071407662486,2.45188185635034e-05,0.0385337379723516,0.00737033554659846,0.0071206356549216,"Level1"
"218",1,0.979849377967334,5.66420049923848e-05,0.00684798626567428,0.0132459937619996,0.0127783631850211,"Level1"
"219",1,0.956470884509118,3.36179935522823e-05,0.0362259467008841,0.00726955079644522,0.00306011167759479,"Level1"
"220",1,0.932038815328827,1.759774433128e-05,0.0621324088207222,0.00581117810611998,0,"Level1"
"221",1,0.911426252797789,1.6580483041468e-05,0.0822523573951166,0.00630480932405266,0.00522426078881244,"Level1"
"222",1,0.976060195603141,7.51567154474652e-05,0.00672102523833876,0.0171436224430731,0.0146554340864506,"Level1"
"223",1,0.9532523422832,4.15930775466956e-05,0.0375269237175805,0.00917914092167267,0,"Level1"
"224",1,0.964931994294448,3.68879139968436e-05,0.0267396608356934,0.00829145695586205,0.00852152560737229,"Level1"
"225",1,0.976364612422315,0.000120915209932576,0.000530859035034846,0.0229836133327175,-0.0149607837446171,"Level1"
"226",1,0.968848648008812,0.000172484234373918,0.00366151413045694,0.0273173536263573,0.0128371898270037,"Level1"
"227",1,0.962017801805133,9.74716547741068e-05,0.0187878182838083,0.0190969082562845,0.00762396730475112,"Level1"
"228",1,0.956083496547841,5.2016836596518e-05,0.0328077718077142,0.0110567148078482,0.00421044832544393,"Level1"
"229",1,0.945898523626836,3.06763099566825e-05,0.0475970130528386,0.00647378701036851,0.00461124280961211,"Level1"
"230",1,0.975362193748341,4.10954123809414e-05,0.0131337923844098,0.0114629184548684,0.0116425844910979,"Level1"
"231",1,0.958980756904937,3.01220241767205e-05,0.034534627888339,0.00645449318254759,0.00371364141612673,"Level1"
"232",4,0.960951892499495,0.000192181173246172,0.000114835815707035,0.0387410905115521,-0.0178687900431078,"Level3"
"233",4,0.942008963982239,9.69548527610243e-05,0.0367951374223789,0.021098943742621,0.00251256413588319,"Level3"
"234",4,0.946269127007663,6.18417479203645e-05,0.0404478151779769,0.0132212160664393,-0.00419116297062283,"Level3"
"235",4,0.0287813545320922,0.0731563879048151,2.8232396320847e-15,0.89806225756309,-0.0385321220342063,"Level3"
"236",4,0.00180551420301236,0.0912159723936269,9.26934556145748e-10,0.906978512476426,-0.0242998034557877,"Level3"
"237",4,0.0425151767657292,0.0367493538765705,0.000105260726255022,0.920630208631445,-0.00223872938812564,"Level3"
"238",4,0.0132400160326495,0.0310860758309378,2.00675574718325e-06,0.955671901380665,0.019090524700899,"Level3"
"239",4,0.0257289956944496,0.0146951974727722,6.90922761785808e-05,0.9595067145566,-0.00972168505090032,"Level3"
"240",4,0.0449120099607153,0.00574223954126221,0.00155716613531826,0.947788584362704,-0.00177777824599934,"Level3"
"241",4,0.0782453321112395,0.00418232631015032,0.00479553638323623,0.912776805195374,0.00222177380392585,"Level3"
"242",4,0.120356676667047,0.00404471459594278,0.00835546069729273,0.867243148039717,-0.00400267361164186,"Level3"
"243",4,0.118998563098783,0.0051743895037599,0.002311145546835,0.873515901850622,0.011519843322445,"Level3"
"244",4,0.108394284442501,0.00543314495806555,0.000514869424677883,0.885657701174755,0.0122593038803904,"Level3"
"245",4,0.173406911925093,0.00382273293978793,0.00613367042692938,0.816636684708189,0.00390879976505243,"Level3"
"246",4,0.176448069177801,0.00477058614781529,0.00195077945187123,0.816830565222513,0.0112070138476765,"Level3"
"247",4,0.214329416428708,0.00415393635886588,0.00300571541375966,0.778510931798666,0.00896105827967464,"Level3"
"248",4,0.302230357026765,0.00321794433054066,0.00730656552816998,0.687245133114524,-0.00425713694208651,"Level3"
"249",4,0.364885556996942,0.0032841946339034,0.00624984453102287,0.625580403838132,0.00849614286578548,"Level3"
"250",4,0.283747625233492,0.004850997502201,0.000576029158684933,0.710825348105622,0.0142799993626559,"Level3"
"251",4,0.188316658360189,0.00584125968039964,0.000234499443298611,0.805607582516113,0.0153116999292306,"Level3"
"252",4,0.0695790814973491,0.00840971659452573,1.32938019362483e-05,0.921997908106189,0.018714907868782,"Level3"
"253",4,0.119388323602707,0.00398744390638839,0.00475289892707286,0.871871333563832,0.00201336891044468,"Level3"
"254",4,0.195792753956829,0.00356712293811434,0.0134592659868616,0.787180857118195,-0.000402373765187924,"Level3"
"255",4,0.0144468976547199,0.0139958041001969,2.01078923738828e-08,0.971557278137191,-0.0244411351591456,"Level3"
"256",4,0.0421983686566252,0.00550074389035916,0.000674475533974464,0.951626411919041,-0.00330442266810049,"Level3"
"257",4,0.0255932758520643,0.00696393024590637,3.37885241888412e-05,0.96740900537784,0.0151922853171693,"Level3"
"258",4,0.0457782962628246,0.0043229128436257,0.00183573536955946,0.94806305552399,0.00162862410532805,"Level3"
"259",4,0.078191465078438,0.00415297458665361,0.00493338404904436,0.912722176285864,-0.00162862410532805,"Level3"
"260",4,0.131984338084121,0.00388503441094331,0.0148122445927118,0.849318382912223,0.00203537619554028,"Level3"
"261",4,0.0717211705324831,0.00633998637822937,0.000177761137513357,0.921761081951774,-0.0147483213996669,"Level3"
"262",4,0.055568229486399,0.00614163620710727,0.000157404501746481,0.938132729804747,0.0135275277338942,"Level3"
"263",4,0.0879060857802027,0.00434675051862927,0.00264099477837016,0.905106168922798,0.0052792812969864,"Level3"
"264",4,0.145094366575606,0.00391057285305592,0.00729326178254119,0.843701798788797,0.00323489964195334,"Level3"
"265",4,0.226340127657029,0.00350347454091762,0.0184568538228043,0.751699543979249,0.00362688280655732,"Level3"
"266",4,0.281007996082218,0.0036578599176963,0.0165856224873478,0.698748521512738,0.00841178586237668,"Level3"
"267",4,0.377234066765071,0.00289251669326103,0.0268922311605643,0.592981185381104,0.00596537871550007,"Level3"
"268",4,0.458082112919702,0.00252813452353858,0.0219630359231441,0.517426716633615,-0.00636438132201045,"Level3"
"269",4,0.293243943801163,0.00552084044672596,0.000399158027836573,0.700836057724274,0.0166209211402708,"Level3"
"270",4,0.38443251806611,0.00287576189163051,0.00780539287367219,0.604886327168588,-0.00511510066677046,"Level3"
"271",4,0.525116238197492,0.00204876331331298,0.0209489701167123,0.451886028372483,0.000394438964008703,"Level3"
"272",4,0.641972670209715,0.00146500491555875,0.0418431759576695,0.314719148917056,0.00354261328806116,"Level3"
"273",4,0.66178932525546,0.00189926878956378,0.012910599577581,0.323400806377395,0.0113304198787185,"Level3"
"274",4,0.75863580652182,0.000998683313164791,0.0269138940970504,0.213451616067965,0.00387747674642069,"Level3"
"275",4,0.80337621009158,0.000928213508049303,0.0128196441991219,0.182875932201248,-0.00777008586349259,"Level3"
"276",4,0.857625930016757,0.000495960601598377,0.0337566909879879,0.108121418393657,0.00233743776077056,"Level3"
"277",4,0.891085566619938,0.000487068185492783,0.0137379813507872,0.0946893838437818,-0.00820481242365512,"Level3"
"278",4,0.0664104766223407,0.0268079110122754,3.80273859210479e-11,0.906781612327357,-0.0310782388569519,"Level3"
"279",4,0.0590628973699084,0.0135759165338606,0.000182761738527719,0.927178424357703,-0.0109868043111483,"Level3"
"280",4,0.0103651538888459,0.0145539253194505,2.45886478253882e-07,0.975080674905225,0.0218543294775078,"Level3"
"281",4,0.0450451961795043,0.00558488642766607,0.000660839466036943,0.948709077926793,-0.00120164241974452,"Level3"
"282",4,0.0709011284202109,0.00430563653506071,0.00179194085802361,0.923001294186705,-0.00401610973504951,"Level3"
"283",4,0.0125244819815347,0.0098363024131678,1.86102104004534e-07,0.977639029503193,-0.0203259030140388,"Level3"
"284",4,0.0458164771904946,0.00432742107628435,0.000889503920859702,0.948966597812361,0.00164132169881936,"Level3"
"285",4,0.0800363254391696,0.00413611623626694,0.00308980373578928,0.912737754588774,-0.000410088191520774,"Level3"
"286",4,0.102786956987629,0.00468405678234107,0.00275390533088158,0.889775080899148,0.00857677319220373,"Level3"
"287",4,0.107529710080514,0.0051116718692733,0.000993838312539363,0.886364779737674,0.0109202700797244,"Level3"
"288",4,0.178471595537433,0.00370761711305967,0.00710589764108929,0.810714889708418,0.0020092029662635,"Level3"
"289",4,0.279732011050948,0.00317798155029577,0.0200057040254004,0.697084303373355,0.00160453300359809,"Level3"
"290",4,0.269910380210418,0.00435885542078587,0.00460701608385417,0.721123748284942,0.0119522934436818,"Level3"
"291",4,0.224074830992339,0.00500172687054762,0.000677294142643756,0.77024614799447,0.0133754944503286,"Level3"
"292",4,0.261953776682698,0.00395293263234409,0.00331163897597526,0.730781651708983,0.00933495693605169,"Level3"
"293",4,0.184510217392172,0.00513698992862503,0.00020074301803646,0.810152049661166,-0.0132503887197251,"Level3"
"294",4,0.234354519275191,0.00373730496464918,0.00322994691006204,0.758678228850097,-0.00669162111204846,"Level3"
"295",4,0.111281244130882,0.00650778261498749,2.80064083542544e-05,0.882182966845776,-0.0159239033567231,"Level3"
"296",4,0.135232456520644,0.00461775210274341,0.00178218617189388,0.858367605204719,0.00918720262649542,"Level3"
"297",4,0.19430246646553,0.00392345216051044,0.00491762988396235,0.796856451489997,0.00634163850120872,"Level3"
"298",4,0.115052221543913,0.00590317372777812,8.0994029965831e-05,0.878963610698343,-0.0143256727692695,"Level3"
"299",4,0.191045208139002,0.00362080392199342,0.0076830930737247,0.79765089486528,0.000801201965936471,"Level3"
"300",4,0.202342173395161,0.00452447357569467,0.00296752024374302,0.790165832785402,0.0107549734293886,"Level3"
"301",4,0.0689551450035656,0.00874271075202366,9.59281256994494e-06,0.922292551431841,0.0192275886206406,"Level3"
"302",4,0.0536255647500239,0.00614891037403344,0.000152976140651149,0.940072548735291,0.0135111107647994,"Level3"
"303",4,0.0914266605751322,0.00409854030780318,0.0032463553761769,0.901228443740888,-0.00153488131562662,"Level3"
"304",4,0.153572279858392,0.00377571880279337,0.00942528304460412,0.83322671829421,-0.000384098319141213,"Level3"
"305",4,0.243548646555003,0.00329580815623176,0.0258357635792494,0.727319781709515,-0.000384284339324914,"Level3"
"306",4,0.330690446576226,0.00297287219500552,0.0353111600943587,0.63102552113441,-0.00462250437886746,"Level3"
"307",4,0.238333216298584,0.00488151605536191,0.00103375793075336,0.7557515097153,-0.0136056911947224,"Level3"
"308",4,3.3060182392308e-05,0.115648760159725,2.230941021041e-20,0.884318179657883,-0.0415560799707482,"Level3"
"309",4,0.0332794134855213,0.0510546310454079,6.72598835089879e-07,0.915665282870236,-0.00654934801142248,"Level3"
"310",4,0.000601796386343401,0.114933675435221,1.37147198478714e-11,0.884464528164721,0.0299375108497322,"Level3"
"311",4,0.00991899342230603,0.0847526974877744,1.06219873185122e-07,0.905328202870046,0.0173849100446652,"Level3"
"312",4,0.000958425475860643,0.117808094398799,5.23431309570949e-11,0.881233480072997,-0.0257900427449442,"Level3"
"313",4,0.0235665543853385,0.0630285172254946,5.90482344995506e-06,0.913399023565717,0.0115885814691725,"Level3"
"314",4,0.0180805005318768,0.034504074527095,2.90678858197911e-05,0.947386357055208,-0.012392682839399,"Level3"
"315",4,0.0102651450141347,0.0255775531859655,2.8172227470638e-06,0.964154484577153,0.0175442298999564,"Level3"
"316",4,0.0252049419697337,0.0121194044049874,4.80251933392833e-05,0.96262762843194,-0.00993056859706876,"Level3"
"317",1,0.028542675135225,0.00554321934987206,0.000200833847624813,0.965713271667278,-0.00882118809063792,"Level1"
"318",1,0.0340688628682735,0.0049235467972675,0.00031002725563719,0.960697563078822,-0.00808742798852258,"Level1"
"319",1,0.052499093277214,0.00460445500560827,0.00139303849698767,0.94150341322019,0.00607174502456775,"Level1"
"320",1,0.0531969921422278,0.00550210966984478,0.000436754238777242,0.94086414394915,0.0112359930075714,"Level1"
"321",1,0.0895100703898219,0.00420615026362871,0.00325940498409929,0.90302437436245,0.00358498698205612,"Level1"
"322",1,0.123359913571089,0.00420829268635319,0.0033306778656768,0.869101115876881,-0.00598207167754738,"Level1"
"323",1,0.201158389067443,0.00360620549702602,0.00953407989069421,0.785701325544837,0.00239708469549127,"Level1"
"324",1,0.220755990425392,0.00433237290753574,0.00439396685541348,0.770517669811659,0.0103216877122838,"Level1"
"325",1,0.323995324281695,0.00312077181019449,0.0109693432546806,0.66191456065343,0.00433498215805272,"Level1"
"326",1,0.455930421466415,0.00233840197303677,0.0260344565198796,0.515696720040669,-0.000786782101955819,"Level1"
"327",1,0.464382403892331,0.00308362766911703,0.00788694477068888,0.524647023667863,0.0113482334796067,"Level1"
"328",1,0.57484944054217,0.00197973083314597,0.0159058726265181,0.407264955998166,0.00581957014275902,"Level1"
"329",1,0.680786780161851,0.00137797858072208,0.021822349431619,0.296012891825808,-0.00387597384469318,"Level1"
"330",1,0.762260998929985,0.0010014294431305,0.0243546575591981,0.212382914067687,-0.0046711257505434,"Level1"
"331",1,0.827954510232141,0.000598159571078197,0.0402580229678642,0.131189307228917,-0.0019527052085051,"Level1"
"332",1,0.858740443456508,0.000352865209558901,0.0635178097185274,0.0773888816154054,-0.00195652572770033,"Level1"
"333",1,0.85161144232199,0.00109052426324826,0.00256795819653393,0.144730075218228,0.0159319470158019,"Level1"
"334",1,0.881920078119529,0.000377063611921623,0.0351956732264736,0.0825071850420759,0.00192563121460054,"Level1"
"335",1,0.897527481133127,0.000235405502585266,0.0525538728434734,0.0496832405208142,0.00460657235714024,"Level1"
"336",1,0.929648585064874,0.000243934067793786,0.0259942449991022,0.0441132358682296,0.00990861727653636,"Level1"
"337",1,0.934693825143577,0.000114778495156999,0.0400084670788443,0.0251829292824216,-0.00189793182995901,"Level1"
"338",1,0.964558969756962,0.000135542600236425,0.0101341649956333,0.0251713226471685,-0.00954387851170591,"Level1"
"339",1,0.952753922794044,6.81440820007772e-05,0.0326932270186178,0.0144847061053376,0.00421053253634351,"Level1"
"340",1,0.965904541593113,5.03714838507986e-05,0.0236779070916729,0.0103671798313636,-0.00613028739739452,"Level1"
"341",4,0.982362581173529,7.15507811450601e-05,0.0051856658959584,0.0123802021493679,0.0122232232307757,"Level3"
"342",4,0.695937682640138,0.00552140698341305,3.07275891405729e-08,0.29854087964886,-0.0269351032642264,"Level3"
"343",4,0.678743511562167,0.00306505719132328,0.0035347081662075,0.314656723080302,0.0120180550966338,"Level3"
"344",4,0.760081738665982,0.00103221482583008,0.0184071036662445,0.220478942841943,-0.00424796923314119,"Level3"
"345",4,0.82692236494118,0.0006901843949503,0.0278886296894193,0.14449882097445,0.00501830825428673,"Level3"
"346",4,0.867030098790637,0.000424846924768089,0.0428854172841565,0.0896596370004384,0.00461011197994887,"Level3"
"347",4,0.204938628329585,0.0148342604278271,1.54793632223907e-08,0.780227095763224,-0.0271967428176354,"Level3"
"348",4,0.191546074991956,0.00805093026451833,0.000954003600158328,0.799448991143368,0.0121356744806778,"Level3"
"349",4,0.000170549496998993,0.0632093764643779,4.91373584114332e-17,0.936620074038623,-0.0372615829952836,"Level3"
"350",4,0.00401029569394421,0.0647124334161284,6.01463227732811e-10,0.931277270288464,0.021970087230561,"Level3"
"351",4,0.0314430371576353,0.0285967050737532,5.52520782440314e-05,0.939905005690367,-0.00753515363804258,"Level3"
"352",4,2.1113403016383e-05,0.152295350002995,5.68884928808093e-18,0.847683536593989,-0.0373117069239601,"Level3"
"353",4,0.0123004231390706,0.104246623897992,1.02484873928412e-08,0.88345294271445,0.0159871817431472,"Level3"
"354",4,0.0441819798543447,0.0425306164402287,0.000935850373834299,0.912351553331592,0.00121930514558954,"Level3"
